000000000000000000000000000000000000
000002000000000000000000000000000030
000000000000000000000000000000000000
111111111111111111111111111111111111
111111111111111111111111111111111111
111111111111111000000011111111111111
111111111111110020002011111111111111
111111111111110000000011111111111111
111111111111111111111111111111111111
111111111111111111111111111111111111
111111111111111100000400000011111111
111111111111111100000050000000000000
000000000000000006000000001111111111
111111111111111111111111111111111111
111111111111111111111111111111111111
111111111111111111111111111111111111
111111111111111111111111111111111111
000000000000000000000000400000000000
000000020006000000000000000000060000
000000000000000000050000000000000000
111111111111111111111111111111111111
111111111111111111111111111111111111
111111111111111111111111111111111111
111111111111111111111111111111111111
111111111111111111111111111111111111
111111111111111111111111111111111111
111111111111111111111111111111111111
111111111111111111111111111111111111
111111111111111111111111111111111111
111111111111111111111111111111111111